14
32 32
1 2 6
1 3 6
2 5 9
5 8 7
3 20 1
3 4 7
3 2 12
3 19 12
19 21 12
21 22 12
31 22 12
31 29 12
6 29 1
7 29 1
9 29 1
10 29 1
11 29 1
12 29 1
13 29 1
14 29 1
15 29 1
16 29 1
17 29 1
18 29 1
23 29 1
24 29 1
25 29 1
26 29 1
27 29 1
28 29 1
30 29 1
0 29 1
29
32 34
1 2 6
29 31 14
8 31 7
1 3 6
2 5 9
5 8 7
3 20 1
3 4 7
3 2 12
3 19 12
19 21 12
21 22 12
31 22 12
31 29 12
6 29 1
7 29 1
9 29 1
10 29 1
11 29 1
12 29 1
13 29 1
14 29 1
15 29 1
16 29 1
17 29 1
18 29 1
23 29 1
24 29 1
25 29 1
26 29 1
27 29 1
28 29 1
30 29 1
0 29 1
29
32 33
1 2 6
8 31 7
1 3 6
2 5 9
5 8 7
3 20 1
3 4 7
3 2 12
3 19 12
19 21 12
21 22 12
31 22 12
31 29 12
6 29 1
7 29 1
9 29 1
10 29 1
11 29 1
12 29 1
13 29 1
14 29 1
15 29 1
16 29 1
17 29 1
18 29 1
23 29 1
24 29 1
25 29 1
26 29 1
27 29 1
28 29 1
30 29 1
0 29 1
29
32 34
1 2 6
29 31 14
8 31 7
1 3 6
2 5 1009
5 8 7000
3 20 1
3 4 7
3 2 12
3 19 12
19 21 12
21 22 12
31 22 12
31 29 12
6 29 1
7 29 1
9 29 1
10 29 1
11 29 1
12 29 1
13 29 1
14 29 1
15 29 1
16 29 1
17 29 1
18 29 1
23 29 1
24 29 1
25 29 1
26 29 1
27 29 1
28 29 1
30 29 1
0 29 1
29
9 14
0 1 4
0 7 8
1 7 11
1 2 8
7 8 7
7 6 1
6 5 2
8 6 6
2 8 2
2 3 7
2 5 4
4 5 10
3 4 9
3 5 14
0
4 5
0 1 1
1 3 2
0 3 3
0 2 2
2 3 1
3
10 10
0 1 5
1 2 5
2 8 5
8 9 5
0 4 15
4 9 5
0 3 5
0 5 5
0 6 5
0 7 5
9
32 33
0 29 1
1 2 6
1 3 6
2 5 9
5 8 7
3 20 1
3 4 7
3 2 12
3 19 12
19 21 12
21 22 12
31 22 12
31 29 12
6 29 1
7 29 1
9 29 1
10 29 1
11 29 1
12 29 1
13 29 1
14 29 1
15 29 1
16 29 1
17 29 1
18 29 1
20 29 1
23 29 1
24 29 1
25 29 1
26 29 1
27 29 1
28 29 1
30 29 1
29
32 34
1 2 6
1 3 6
2 5 9
5 8 7
2 2 10
3 20 1
3 4 7
3 2 12
3 19 12
19 21 12
21 22 12
31 22 12
31 29 12
6 29 1
7 29 1
9 29 1
10 29 1
11 29 1
12 29 1
13 29 1
14 29 1
15 29 1
16 29 1
17 29 1
18 29 1
23 29 1
24 29 1
25 29 1
26 29 1
27 29 1
28 29 1
29 29 1
30 29 1
0 29 1
29
9 14
0 1 4
0 7 8
1 7 11
1 2 8
7 8 7
7 6 1
6 5 2
8 6 6
2 8 2
2 3 7
2 5 4
4 5 10
3 4 9
3 5 14
0
4 5
0 1 1
1 3 2
0 3 3
0 2 2
2 3 1
3
10 10
0 1 5
1 2 5
2 8 5
8 9 5
0 4 15
4 9 5
0 3 5
0 5 5
0 6 5
0 7 5
9
32 33
0 29 1
1 2 6
1 3 6
2 5 9
5 8 7
3 20 1
3 4 7
3 2 12
3 19 12
19 21 12
21 22 12
31 22 12
31 29 12
6 29 1
7 29 1
9 29 1
10 29 1
11 29 1
12 29 1
13 29 1
14 29 1
15 29 1
16 29 1
17 29 1
18 29 1
20 29 1
23 29 1
24 29 1
25 29 1
26 29 1
27 29 1
28 29 1
30 29 1
29
32 34
1 2 6
1 3 6
2 5 9
5 8 7
2 2 10
3 20 1
3 4 7
3 2 12
3 19 12
19 21 12
21 22 12
31 22 12
31 29 12
6 29 1
7 29 1
9 29 1
10 29 1
11 29 1
12 29 1
13 29 1
14 29 1
15 29 1
16 29 1
17 29 1
18 29 1
23 29 1
24 29 1
25 29 1
26 29 1
27 29 1
28 29 1
29 29 1
30 29 1
0 29 1
29

