0 29
1 3 19 21 22 31 29
2 1 3 19 21 22 31 29
3 19 21 22 31 29
4 3 19 21 22 31 29
5 2 1 3 19 21 22 31 29
6 29
7 29
8 5 2 1 3 19 21 22 31 29
9 29
10 29
11 29
12 29
13 29
14 29
15 29
16 29
17 29
18 29
19 21 22 31 29
20 3 19 21 22 31 29
21 22 31 29
22 31 29
23 29
24 29
25 29
26 29
27 29
28 29
30 29
31 29

0 29
1 2 5 8 31 29
2 5 8 31 29
3 1 2 5 8 31 29
4 3 1 2 5 8 31 29
5 8 31 29
6 29
7 29
8 31 29
9 29
10 29
11 29
12 29
13 29
14 29
15 29
16 29
17 29
18 29
19 21 22 31 29
20 3 1 2 5 8 31 29
21 22 31 29
22 31 29
23 29
24 29
25 29
26 29
27 29
28 29
30 29
31 29

0 29
1 2 5 8 31 29
2 5 8 31 29
3 1 2 5 8 31 29
4 3 1 2 5 8 31 29
5 8 31 29
6 29
7 29
8 31 29
9 29
10 29
11 29
12 29
13 29
14 29
15 29
16 29
17 29
18 29
19 21 22 31 29
20 3 1 2 5 8 31 29
21 22 31 29
22 31 29
23 29
24 29
25 29
26 29
27 29
28 29
30 29
31 29

0 29
1 3 19 21 22 31 29
2 1 3 19 21 22 31 29
3 19 21 22 31 29
4 3 19 21 22 31 29
5 2 1 3 19 21 22 31 29
6 29
7 29
8 31 29
9 29
10 29
11 29
12 29
13 29
14 29
15 29
16 29
17 29
18 29
19 21 22 31 29
20 3 19 21 22 31 29
21 22 31 29
22 31 29
23 29
24 29
25 29
26 29
27 29
28 29
30 29
31 29

1 0
2 1 0
3 2 1 0
4 5 6 7 0
5 6 7 0
6 7 0
7 0
8 2 1 0

0 1 3
1 3
2 3

0 1 2 8 9
1 2 8 9
2 8 9
3 0 1 2 8 9
4 9
5 0 1 2 8 9
6 0 1 2 8 9
7 0 1 2 8 9
8 9

0 29
1 3 20 29
2 1 3 20 29
3 20 29
4 3 20 29
5 2 1 3 20 29
6 29
7 29
8 5 2 1 3 20 29
9 29
10 29
11 29
12 29
13 29
14 29
15 29
16 29
17 29
18 29
19 3 20 29
20 29
21 19 3 20 29
22 31 29
23 29
24 29
25 29
26 29
27 29
28 29
30 29
31 29

0 29
1 3 19 21 22 31 29
2 1 3 19 21 22 31 29
3 19 21 22 31 29
4 3 19 21 22 31 29
5 2 1 3 19 21 22 31 29
6 29
7 29
8 5 2 1 3 19 21 22 31 29
9 29
10 29
11 29
12 29
13 29
14 29
15 29
16 29
17 29
18 29
19 21 22 31 29
20 3 19 21 22 31 29
21 22 31 29
22 31 29
23 29
24 29
25 29
26 29
27 29
28 29
30 29
31 29

1 0
2 1 0
3 2 1 0
4 5 6 7 0
5 6 7 0
6 7 0
7 0
8 2 1 0

0 1 3
1 3
2 3

0 1 2 8 9
1 2 8 9
2 8 9
3 0 1 2 8 9
4 9
5 0 1 2 8 9
6 0 1 2 8 9
7 0 1 2 8 9
8 9

0 29
1 3 20 29
2 1 3 20 29
3 20 29
4 3 20 29
5 2 1 3 20 29
6 29
7 29
8 5 2 1 3 20 29
9 29
10 29
11 29
12 29
13 29
14 29
15 29
16 29
17 29
18 29
19 3 20 29
20 29
21 19 3 20 29
22 31 29
23 29
24 29
25 29
26 29
27 29
28 29
30 29
31 29

0 29
1 3 19 21 22 31 29
2 1 3 19 21 22 31 29
3 19 21 22 31 29
4 3 19 21 22 31 29
5 2 1 3 19 21 22 31 29
6 29
7 29
8 5 2 1 3 19 21 22 31 29
9 29
10 29
11 29
12 29
13 29
14 29
15 29
16 29
17 29
18 29
19 21 22 31 29
20 3 19 21 22 31 29
21 22 31 29
22 31 29
23 29
24 29
25 29
26 29
27 29
28 29
30 29
31 29
